sample_uid	A4	A3	A4a	C31	C17d	C21	C21ac	C31a	1365_C	C17e	1366_C	C17	C17f	C17.2	C31.9	1369_C	1370_C	1367_C	C21k	1385_C	1368_C	1386_C	1374_C	1371_C	C31.1	C3	1372_C	1376_C	1373_C	C31.10	1387_C	1378_C	1375_C	1388_C	1377_C	1400_C	1404_C	1395_C	1389_C	1390_C	1396_C	1393_C	1401_C	1391_C	1409_C	1405_C	1406_C	1410_C	D1	D4	D6	D1ab	D17d	D17j	1379_D	1380_D	D17e	D17c	D4d	1381_D	D17l	1384_D	1383_D	D17k	1382_D	D5m	D17	1392_D	1397_D	1394_D	1399_D	1402_D	1403_D	D1r	1398_D	1408_D	1407_D
191	6	0	0	9043	3810	2052	817	801	307	304	290	171	218	211	293	194	176	128	169	0	151	140	128	107	105	249	136	109	127	138	0	95	126	0	124	0	0	0	0	0	0	0	0	115	0	0	0	0	4344	3972	2201	477	229	223	267	103	119	117	0	114	74	76	109	96	104	0	0	65	0	0	0	0	0	0	0	0	0
199	0	0	0	15620	6231	2731	1748	1164	760	572	430	315	187	411	481	271	416	246	349	299	0	257	229	0	273	0	207	0	0	199	0	183	185	196	192	0	0	0	0	0	0	0	0	0	0	0	0	0	9502	6173	3219	1146	613	469	456	213	301	274	359	163	189	344	230	147	152	259	135	124	117	0	0	0	0	0	109	0	0
223	0	0	0	7354	3087	1264	632	613	346	285	185	185	183	233	230	106	194	92	94	132	81	118	80	0	153	0	109	0	0	92	0	0	100	89	79	0	0	0	0	0	0	0	0	0	0	0	0	0	4799	2946	1805	554	208	147	218	212	119	102	199	114	84	114	87	73	91	92	79	0	0	0	0	0	0	0	0	0	0
197	0	0	0	6661	2714	1364	583	558	291	292	198	147	153	204	119	126	121	86	103	114	108	122	72	69	180	0	81	0	0	127	0	0	0	81	70	0	0	0	0	0	0	83	0	0	0	0	0	0	4081	2674	1521	528	461	155	195	92	146	100	196	126	71	98	93	97	51	96	57	49	0	52	0	0	0	0	0	0	0
190	0	0	0	9359	3381	1873	951	734	424	225	274	249	224	263	348	146	285	103	151	182	171	180	0	0	125	272	140	0	122	0	131	0	130	137	106	0	0	0	110	98	0	0	0	0	0	0	0	0	5534	4994	2504	587	266	228	300	282	164	114	0	139	118	123	126	125	157	0	0	0	0	0	0	0	0	0	0	0	0
196	0	0	0	5489	1937	913	478	417	280	235	140	118	84	220	151	91	158	77	114	99	64	108	0	0	152	0	65	0	86	68	76	66	86	93	0	0	105	57	63	0	0	0	0	0	0	0	0	0	3824	2279	1387	490	231	177	169	161	112	113	170	78	81	86	78	71	51	89	51	0	0	0	0	0	0	0	42	0	0
215	0	0	0	8192	4360	1991	765	564	446	314	315	307	304	284	283	163	0	148	156	171	124	161	113	113	110	0	96	114	0	0	0	0	101	0	0	0	0	0	0	0	0	0	0	0	0	0	0	0	4813	3000	1596	662	723	291	163	125	199	170	269	126	162	95	89	105	85	132	62	62	90	0	61	101	0	0	0	63	0
186	0	0	0	6535	2785	1422	663	485	281	311	180	180	202	207	218	129	196	90	106	148	103	127	0	85	138	195	93	0	0	0	0	0	94	87	0	0	0	0	0	70	0	0	0	0	0	0	0	0	3836	3670	1757	429	421	234	236	118	131	100	0	103	89	83	90	80	0	0	0	53	0	0	0	0	0	0	0	0	0
222	0	0	0	8027	4488	2260	916	682	499	277	320	373	317	232	292	242	0	150	144	168	196	231	147	138	193	0	115	107	191	118	0	121	0	0	101	0	0	0	0	0	0	0	0	0	0	0	0	0	4343	2707	1408	448	527	254	208	117	169	156	188	104	93	112	85	113	167	132	0	83	93	0	63	90	0	0	0	0	0
187	0	0	0	6034	2515	1180	681	522	288	243	116	157	127	167	203	140	117	98	103	137	85	123	89	0	0	208	103	0	0	76	134	0	75	83	64	0	0	0	0	0	0	0	0	0	0	0	0	0	3827	3093	1667	336	456	247	208	123	179	114	148	97	95	55	77	85	102	113	0	53	0	0	0	0	0	0	0	0	0
188	0	0	0	9700	4765	2475	938	719	400	352	370	252	269	309	339	232	205	131	169	0	176	0	135	141	0	286	142	127	139	0	0	109	134	0	116	0	0	0	0	0	0	0	0	0	0	0	0	0	5879	5098	2786	579	587	280	340	316	168	133	0	176	149	121	124	117	156	0	0	0	0	0	0	0	0	0	0	0	0
203	0	0	0	5584	2679	1209	496	469	185	252	193	140	204	140	155	125	104	94	75	0	98	68	100	88	109	166	0	83	79	69	83	72	0	62	67	0	0	0	0	0	0	0	0	0	0	0	0	0	3618	2880	1486	380	377	175	194	154	132	108	0	87	66	0	95	74	94	0	0	0	0	0	0	0	44	0	0	0	0
220	0	0	0	10059	5541	3089	1220	756	454	429	393	285	302	285	316	268	0	262	273	0	224	166	140	175	181	0	234	167	0	0	0	147	0	0	116	0	0	0	0	0	0	0	0	0	0	0	0	0	6026	4165	2252	726	469	301	385	310	221	158	280	208	160	0	131	102	113	211	85	0	0	72	0	0	0	0	0	0	0
210	0	0	0	8189	4372	2295	704	517	441	282	337	309	296	286	337	200	184	172	146	141	161	0	106	125	0	216	145	150	122	0	0	104	110	0	0	0	0	0	0	0	0	0	0	0	0	0	0	0	5198	3427	1954	634	424	229	213	117	175	127	249	166	127	120	107	100	96	128	88	77	0	72	0	0	0	0	0	0	0
204	5	0	0	4396	2150	986	386	366	220	147	164	138	130	152	141	95	137	88	84	74	70	0	71	62	0	0	60	63	49	55	72	56	68	69	60	0	0	0	47	0	0	0	0	0	0	0	0	0	2967	2248	1166	286	278	188	145	141	95	99	0	76	39	47	49	81	51	0	43	0	0	0	0	0	0	0	0	0	0
214	0	0	0	6450	4032	1910	614	397	378	252	235	268	270	229	200	170	0	96	138	104	137	0	119	110	0	0	81	96	0	0	0	0	0	0	0	135	0	0	0	0	0	0	0	0	0	0	0	0	4106	2747	1613	463	443	238	192	233	160	124	165	102	105	88	82	87	70	160	63	0	0	0	0	0	0	0	0	0	0
218	0	0	0	6349	3423	1735	774	488	298	256	291	213	252	193	206	102	122	128	115	122	142	113	108	102	203	0	121	95	110	0	0	75	0	0	0	0	0	0	0	0	0	0	0	0	0	0	0	0	4547	2916	1493	528	295	182	208	192	147	108	0	125	73	0	99	87	72	0	51	0	0	0	0	0	0	0	0	0	0
216	0	0	0	6434	3467	1883	688	526	320	215	212	224	244	201	232	159	130	127	139	120	130	0	107	81	0	0	84	129	134	0	0	94	91	0	79	0	0	0	0	73	0	0	0	0	0	0	0	0	4394	2657	1492	611	399	150	190	177	138	98	224	114	95	107	91	52	87	113	64	0	0	49	0	0	0	0	0	0	0
189	0	0	0	8904	4600	2197	965	556	461	358	302	294	392	285	373	182	257	148	177	186	0	0	114	131	0	389	158	100	127	0	137	111	0	120	105	0	0	0	0	0	0	0	0	0	0	0	0	0	5659	4642	2622	576	339	291	315	272	167	141	268	166	136	91	95	113	134	166	0	0	0	0	0	0	0	0	0	0	0
208	0	0	0	6353	4155	1593	643	519	312	264	241	266	307	202	148	147	0	114	98	0	155	0	136	121	0	0	97	121	142	85	0	119	0	0	86	135	0	0	0	0	0	0	85	0	0	0	83	0	4257	3012	1441	476	291	141	185	191	148	80	0	137	66	74	83	98	133	0	0	0	0	0	0	0	0	0	0	0	47
213	0	0	0	5517	3174	1507	518	406	347	263	208	257	191	175	154	118	129	87	81	145	111	121	90	97	226	0	0	108	0	121	0	73	0	0	0	0	0	0	0	0	0	0	0	0	0	0	0	0	3737	2290	1262	448	369	208	178	106	161	132	157	102	82	138	57	82	102	125	0	71	45	0	0	0	0	0	0	0	0
185	0	0	0	5369	2846	1498	537	434	258	218	188	198	212	212	214	124	122	86	77	96	115	102	79	82	0	178	0	0	0	85	0	0	69	0	85	0	0	0	0	0	0	0	0	0	0	0	0	0	3551	3045	1678	302	370	190	187	88	92	89	0	85	80	56	88	62	96	0	0	43	0	0	0	0	0	0	0	0	0
192	0	0	0	6486	3280	1368	541	480	408	282	218	292	207	264	273	148	269	119	97	165	0	182	95	85	85	0	88	88	84	0	141	0	121	101	0	0	0	0	0	0	0	0	0	0	0	0	0	0	4609	3230	1820	427	547	245	235	135	184	120	186	123	123	122	99	112	0	110	103	0	0	0	57	0	0	0	0	0	0
212	4	5	0	5315	3096	1529	535	395	241	240	218	198	228	221	100	126	132	79	89	68	80	86	83	114	90	146	0	120	0	91	0	61	0	0	0	99	0	0	0	0	0	0	0	0	0	0	0	0	3604	2407	1432	419	281	165	133	76	122	85	151	130	93	89	76	71	68	87	53	41	0	49	0	0	0	0	0	0	0
200	11	0	5	6040	3269	1381	510	427	412	236	231	302	242	256	242	138	227	118	102	136	0	0	93	107	0	176	0	98	94	0	131	89	97	79	0	0	127	73	0	0	0	0	0	0	0	0	0	0	4252	3066	1673	383	305	206	221	220	171	135	0	91	103	103	84	75	54	0	54	0	0	0	0	0	0	0	0	0	0
195	0	0	0	6870	3480	1447	638	495	366	305	214	178	198	222	177	135	260	126	141	119	0	133	98	90	179	0	95	0	118	91	152	0	104	129	0	0	0	0	79	0	0	0	0	0	0	0	0	0	5149	3375	1787	541	569	311	261	137	161	155	192	141	106	170	115	119	154	143	0	60	73	0	0	0	0	0	0	0	0
206	0	0	0	6377	3670	1573	547	500	379	311	266	267	267	224	220	151	184	136	93	142	106	127	106	102	143	0	89	84	145	105	0	0	0	0	75	0	0	0	0	0	0	0	0	0	0	0	0	0	4723	3261	1743	410	314	201	228	94	188	142	0	127	94	79	112	89	79	0	58	0	0	0	54	0	0	0	0	0	0
194	0	0	0	6521	3188	1308	579	484	438	282	226	257	204	278	189	156	209	96	104	199	82	181	0	78	99	0	79	0	103	115	160	0	97	137	0	0	96	0	93	0	104	0	0	0	0	88	0	0	5024	3357	1700	493	359	261	246	137	159	152	172	0	120	180	76	131	0	148	0	68	86	0	0	0	0	0	0	0	0
193	0	0	0	8797	4455	1944	843	670	558	352	291	356	236	365	271	197	398	159	173	221	107	223	129	120	0	0	132	0	0	140	234	0	117	124	0	0	109	0	0	0	0	0	0	0	0	0	0	0	6572	4356	2358	713	842	355	283	218	241	183	221	185	127	221	113	156	0	198	153	0	113	0	83	0	0	0	0	0	0
221	0	0	0	6998	4265	1876	556	505	279	369	308	200	370	183	290	169	158	122	124	0	133	0	152	163	0	225	124	141	0	0	167	119	103	0	0	0	0	0	0	0	0	0	0	0	0	0	0	0	4845	3912	2027	715	214	164	246	130	77	74	0	136	73	67	102	0	104	121	56	0	64	0	0	0	0	138	0	0	0
211	0	0	0	6701	3922	1915	600	467	337	310	313	269	319	217	168	172	156	139	105	115	138	136	129	104	137	0	86	149	116	112	117	94	105	0	91	120	0	0	0	0	0	0	0	0	0	0	0	0	4876	2783	1884	589	379	242	189	262	194	132	213	149	101	90	112	102	140	115	0	0	0	61	0	0	58	0	0	0	0
202	0	0	0	4577	2504	1105	452	328	333	206	202	254	161	221	119	108	144	104	85	134	85	158	79	80	80	140	0	78	77	68	93	64	81	0	0	0	0	72	0	0	67	0	0	0	0	0	0	0	3334	2016	1077	323	354	253	116	113	132	110	114	42	95	126	65	87	0	95	82	37	57	0	0	0	0	0	47	0	0
205	0	0	0	4500	2504	1136	338	357	297	179	146	225	181	162	195	115	166	81	93	104	96	93	102	76	87	144	53	91	78	0	89	59	0	67	0	0	0	58	0	0	0	0	0	0	0	0	0	0	3474	2372	1314	362	220	146	187	147	124	94	0	65	73	63	82	57	0	0	77	0	0	0	0	0	0	0	0	0	0
198	0	0	0	5717	4004	1631	581	317	367	315	250	290	278	198	138	150	159	107	89	125	76	140	88	145	137	0	90	156	0	79	143	0	0	0	0	113	0	0	0	0	0	0	0	0	0	0	0	0	4402	2873	1562	563	242	163	220	157	127	79	197	116	104	121	96	84	63	92	52	0	0	55	0	0	0	0	0	0	0
207	0	0	0	5741	3349	1371	520	424	423	265	221	290	213	250	195	165	224	137	101	172	100	144	91	111	118	182	75	78	119	107	136	90	83	104	0	0	0	0	0	0	0	0	0	0	0	0	0	0	4727	3216	1772	455	275	208	215	104	192	154	0	115	116	95	68	81	0	0	107	59	0	0	0	0	0	0	0	0	0
217	0	5	0	5716	4544	2082	620	342	338	309	289	250	313	207	242	187	0	127	105	0	161	111	117	161	0	0	109	133	0	103	0	120	91	0	105	142	0	0	0	0	0	0	0	0	0	0	0	0	4055	2267	1345	629	258	187	126	170	140	118	249	144	79	83	111	82	102	104	48	0	0	0	0	95	44	0	0	0	0
201	0	0	0	5188	3241	1286	496	321	414	260	216	315	218	255	160	141	215	123	90	134	102	142	95	82	87	163	0	88	85	95	192	92	0	83	0	0	0	67	0	0	0	0	0	0	0	0	0	0	4264	2928	1529	364	317	210	163	104	174	127	0	108	103	99	85	82	0	0	103	49	0	0	0	0	0	0	0	0	0
209	0	0	0	4719	3575	1364	450	377	299	301	246	218	282	175	177	143	114	104	91	0	90	88	91	127	182	188	67	113	112	85	0	80	0	0	0	111	0	0	0	0	0	66	66	0	0	0	0	0	3723	2162	1198	433	201	134	136	130	116	102	154	105	70	78	94	68	99	95	0	0	0	0	0	0	0	0	0	0	0
219	0	0	0	2146	1588	614	264	180	68	155	105	33	82	57	143	88	0	66	49	0	47	0	74	31	0	0	50	32	0	0	0	67	45	0	37	0	0	0	0	32	0	0	0	0	32	0	0	28	1824	1063	622	241	115	38	85	19	27	29	72	58	22	0	37	20	48	19	21	0	0	0	0	0	40	38	0	0	0
