39																																						
WSH174																																						
WSH175	0.859571																																					
WSH176	0.700572	0.772525																																				
WSH177	0.713121	0.939686	0.822582																																			
WSH178	0.702759	0.762517	0.64065	0.853163																																		
WSH179	0.617319	0.932033	0.76608	0.6	0.804697																																	
WSH180	0.917534	0.735376	0.861262	0.960075	0.849279	0.955544																																
WSH181	0.977312	0.862445	0.949324	0.984806	0.940962	0.988157	0.824926																															
WSH182	0.97447	0.843533	0.941125	0.984594	0.926367	0.987408	0.729337	0.607189																														
WSH183	0.988296	0.9125	0.97974	0.994294	0.972332	0.995858	0.916318	0.782334	0.648579																													
WSH184	0.979707	0.880835	0.951365	0.990138	0.945171	0.988852	0.874126	0.610706	0.526957	0.702326																												
WSH185	0.874307	0.927884	0.84166	0.844626	0.88928	0.802618	0.954304	0.974518	0.980416	0.992018	0.973519																											
WSH186	0.926129	0.759671	0.867751	0.959897	0.866522	0.958236	0.683453	0.807882	0.753086	0.912338	0.876056	0.931664																										
WSH187	0.844221	0.808111	0.744636	0.900499	0.785308	0.85363	0.860388	0.94115	0.943833	0.971899	0.94393	0.702631	0.807737																									
WSH188	0.897178	0.7998	0.828088	0.948012	0.839633	0.938273	0.787505	0.83843	0.815844	0.933296	0.858078	0.856026	0.6436	0.678452																								
WSH189	0.982328	0.877934	0.961283	0.990976	0.950489	0.992448	0.851043	0.69927	0.502283	0.617747	0.62578	0.987615	0.858145	0.957885	0.884324																							
WSH190	0.973185	0.852577	0.932648	0.984502	0.916502	0.984068	0.832418	0.620811	0.630214	0.800539	0.516129	0.971469	0.822171	0.924806	0.796433	0.677175																						
WSH191	0.98067	0.876018	0.951099	0.990569	0.943961	0.990184	0.858041	0.661188	0.547794	0.684211	0.410562	0.984074	0.889129	0.944457	0.880368	0.568889	0.486096																					
WSH192	0.981109	0.881728	0.957447	0.990167	0.945443	0.99277	0.853085	0.625179	0.469027	0.615635	0.571717	0.986101	0.851966	0.959456	0.876609	0.469274	0.687732	0.586207																				
WSH193	0.966257	0.95697	0.908597	0.969438	0.953319	0.974206	0.963645	0.927981	0.949743	0.97319	0.929478	0.846135	0.932367	0.87022	0.912088	0.976526	0.903552	0.945931	0.96844																			
WSH194	0.983268	0.925306	0.964545	0.991292	0.968288	0.991753	0.945744	0.745649	0.684	0.785915	0.74954	0.987825	0.898885	0.958029	0.894351	0.778325	0.702924	0.6875	0.752381	0.904899																		
WSH195	0.979359	0.964573	0.943196	0.981252	0.96913	0.982821	0.973461	0.939244	0.957917	0.979218	0.940702	0.851618	0.953949	0.889169	0.923283	0.982201	0.923503	0.955427	0.975819	0.365328	0.901326																	
WSH196	0.98459	0.935202	0.96241	0.992782	0.96779	0.993749	0.94826	0.772215	0.728261	0.793612	0.741176	0.988328	0.909807	0.959469	0.917515	0.80786	0.706725	0.744681	0.822034	0.892675	0.476923	0.891156																
WSH201	0.987239	0.954155	0.942397	0.985491	0.975304	0.992681	0.976209	0.902023	0.927746	0.934186	0.934694	0.9901	0.946649	0.967065	0.944867	0.989967	0.858644	0.926136	0.957516	0.797378	0.7	0.891974	0.654494															
WSH202	0.983833	0.94457	0.954235	0.992312	0.980746	0.991194	0.959502	0.900208	0.882517	0.922807	0.920844	0.990866	0.935897	0.970826	0.93606	0.954911	0.899065	0.900963	0.940157	0.870828	0.774524	0.94128	0.782313	0.659429														
WSH203	0.957562	0.927568	0.88341	0.963553	0.942765	0.969747	0.951493	0.93642	0.949377	0.973621	0.956877	0.888286	0.918099	0.82655	0.878788	0.979632	0.917388	0.943588	0.971173	0.472672	0.879924	0.609937	0.870266	0.709298	0.762544													
WSH204	0.974154	0.942699	0.906463	0.975898	0.956604	0.97585	0.958726	0.92377	0.94984	0.97168	0.94186	0.931244	0.922976	0.846983	0.871845	0.981896	0.89168	0.938322	0.969711	0.558396	0.86025	0.650375	0.8554	0.731407	0.675084	0.33844												
WSH205	0.958743	0.937877	0.797968	0.959298	0.947556	0.961555	0.951391	0.943854	0.962011	0.985963	0.94632	0.88633	0.922662	0.824654	0.878775	0.987981	0.938046	0.958066	0.979653	0.676158	0.930973	0.738494	0.936665	0.847571	0.788072	0.590031	0.537675											
WSH206	0.932525	0.936251	0.744276	0.944308	0.925902	0.936347	0.956029	0.969818	0.978298	0.990603	0.982251	0.838391	0.931125	0.807872	0.891673	0.99496	0.96077	0.976448	0.989561	0.643926	0.945987	0.685791	0.950692	0.898023	0.852465	0.589577	0.622794	0.398256										
WSH207	0.919462	0.942807	0.771329	0.928926	0.919291	0.92489	0.964314	0.974481	0.983152	0.991988	0.979215	0.827931	0.946701	0.812535	0.897794	0.995582	0.964365	0.979701	0.992652	0.66413	0.958558	0.708715	0.962925	0.914549	0.88455	0.648444	0.705593	0.52532	0.286921									
WSH208	0.949343	0.96872	0.842507	0.942061	0.95482	0.932777	0.97634	0.983672	0.988481	0.994253	0.98532	0.84438	0.968686	0.882461	0.938396	0.995008	0.977544	0.986889	0.99384	0.674717	0.978224	0.652558	0.976705	0.940477	0.941871	0.781203	0.809208	0.64244	0.572513	0.51998								
WSH209	0.856244	0.946757	0.747058	0.890443	0.915634	0.869231	0.969069	0.98027	0.989641	0.99558	0.98244	0.815537	0.958481	0.841855	0.916405	0.99725	0.972887	0.986203	0.996339	0.773023	0.973936	0.795447	0.975147	0.956292	0.954237	0.783079	0.850782	0.714286	0.53987	0.49591	0.546507							
WSH210	0.903037	0.926874	0.7629	0.916506	0.916723	0.900353	0.961738	0.981904	0.986606	0.993416	0.981292	0.803288	0.952687	0.82614	0.908903	0.996072	0.981691	0.986408	0.993681	0.721786	0.980273	0.746648	0.98297	0.953069	0.944921	0.76752	0.839546	0.680112	0.528865	0.478317	0.529118	0.305357						
WSH211	0.892956	0.946408	0.801503	0.906423	0.92662	0.874433	0.971321	0.987338	0.989639	0.995332	0.987577	0.883537	0.965896	0.85299	0.930687	0.996477	0.982787	0.988669	0.995917	0.875746	0.983161	0.879351	0.984481	0.962063	0.965856	0.863293	0.889	0.782591	0.67947	0.630391	0.616236	0.442847	0.335188					
WSH212	0.917656	0.936833	0.785587	0.943866	0.912092	0.931673	0.960241	0.978791	0.984846	0.993925	0.98299	0.902528	0.949104	0.847126	0.89416	0.995985	0.975724	0.982574	0.992989	0.832541	0.96357	0.827427	0.967821	0.941582	0.927406	0.817982	0.852561	0.687312	0.596924	0.541533	0.603656	0.418037	0.287558	0.439972				
WSH213	0.897175	0.890665	0.663604	0.906137	0.893181	0.87065	0.911869	0.958092	0.967674	0.988309	0.967963	0.820751	0.878766	0.6903	0.845531	0.985011	0.953507	0.965243	0.978651	0.90225	0.945478	0.909385	0.954431	0.958164	0.954316	0.856374	0.876732	0.734779	0.632894	0.662499	0.784055	0.666076	0.675019	0.750284	0.64554			
WSH214	0.845789	0.910197	0.687393	0.813688	0.859799	0.783087	0.943031	0.982063	0.984093	0.993301	0.982822	0.793524	0.940654	0.787298	0.908345	0.99125	0.974738	0.983224	0.990518	0.935344	0.979479	0.943142	0.981322	0.976417	0.975585	0.917038	0.928084	0.8567	0.774098	0.764399	0.779779	0.600948	0.700157	0.712059	0.733863	0.60676		
WSH215	0.930836	0.842017	0.857001	0.922449	0.898177	0.963144	0.857086	0.931766	0.930281	0.966235	0.915522	0.878605	0.82725	0.782447	0.712058	0.945295	0.886693	0.911065	0.966341	0.908831	0.907937	0.922573	0.910402	0.886647	0.932542	0.870201	0.88892	0.876143	0.892518	0.90284	0.945323	0.937233	0.923178	0.939139	0.913953	0.861878	0.919567	
WSH216	0.823246	0.814078	0.653987	0.877827	0.810005	0.808432	0.890486	0.957101	0.960633	0.982856	0.963388	0.751508	0.858306	0.600646	0.79653	0.978486	0.950028	0.963158	0.97401	0.912383	0.951389	0.931203	0.957963	0.958726	0.941694	0.862559	0.894369	0.841392	0.797077	0.801259	0.850163	0.786378	0.766662	0.790268	0.799369	0.615502	0.642058	0.832858